-5.2216393443e+01
-5.2163934426e+01
-5.2111475410e+01
-5.2137704918e+01
-5.2216393443e+01
-5.2190163934e+01
WF power: -10 high
-5.2137704918e+01
-5.2157377049e+01
-5.2190163934e+01
-5.2183606557e+01
-5.2137704918e+01
-5.2098360656e+01
-5.2072131148e+01
-5.2144262295e+01
-5.2157377049e+01
-5.2111475410e+01
-5.2144262295e+01
-5.2078688525e+01
-5.2104918033e+01
-5.2131147541e+01
-5.2124590164e+01
-5.2085245902e+01
-5.2065573770e+01
-5.2098360656e+01
-5.2163934426e+01
-5.2104918033e+01
-5.2078688525e+01
-5.2065573770e+01
-5.2052459016e+01
-5.2085245902e+01
-5.2124590164e+01
-5.2085245902e+01
-5.2045901639e+01
-5.2019672131e+01
-5.2059016393e+01
-5.2131147541e+01
-5.2032786885e+01
-5.2045901639e+01
-5.2019672131e+01
-5.2065573770e+01
-5.2131147541e+01
-5.2118032787e+01
-5.2059016393e+01
-5.2039344262e+01
-5.2019672131e+01
-5.2072131148e+01
-5.2052459016e+01
-5.2078688525e+01
-5.2026229508e+01
-5.2013114754e+01
-5.2085245902e+01
-5.2098360656e+01
-5.2052459016e+01
-5.2045901639e+01
-5.2026229508e+01
-5.2059016393e+01
-5.2124590164e+01
-5.2072131148e+01
-5.2078688525e+01
-5.2039344262e+01
-5.2059016393e+01
-5.2111475410e+01
-5.2085245902e+01
-5.2072131148e+01
-5.2059016393e+01
-5.2078688525e+01
-5.2183606557e+01
-5.2118032787e+01
-5.2078688525e+01
-5.2078688525e+01
-5.2039344262e+01
-5.2104918033e+01
-5.2170491803e+01
-5.2098360656e+01
-5.2072131148e+01
-5.2078688525e+01
-5.2137704918e+01
-5.2157377049e+01
-5.2118032787e+01
-5.2104918033e+01
-5.2059016393e+01
-5.2118032787e+01
-5.2190163934e+01
-5.2137704918e+01
-5.2085245902e+01
-5.2091803279e+01
-5.2098360656e+01
-5.2190163934e+01
-5.2183606557e+01
-5.2098360656e+01
-5.2118032787e+01
-5.2111475410e+01
-5.2170491803e+01
-5.2177049180e+01
-5.2144262295e+01
-5.2091803279e+01
-5.2118032787e+01
-5.2163934426e+01
-5.2170491803e+01
-5.2150819672e+01
-5.2163934426e+01
-5.2091803279e+01
-5.2163934426e+01
-5.2177049180e+01
-5.2157377049e+01
-5.2118032787e+01
-5.2118032787e+01
-5.2137704918e+01
-5.2203278689e+01
-5.2137704918e+01
-5.2137704918e+01
-5.2124590164e+01
-5.2144262295e+01
-5.2196721311e+01
-5.2196721311e+01
-5.2163934426e+01
-5.2091803279e+01
-5.2098360656e+01
-5.2190163934e+01
-5.2190163934e+01
-5.2124590164e+01
-5.2072131148e+01
-5.2124590164e+01
-5.2137704918e+01
-5.2124590164e+01
-5.2111475410e+01
-5.2098360656e+01
-5.2078688525e+01
-5.2131147541e+01
-5.2177049180e+01
-5.2104918033e+01
-5.2052459016e+01
-5.2065573770e+01
-5.2039344262e+01
-5.2150819672e+01
-5.2131147541e+01
-5.2072131148e+01
-5.2045901639e+01
-5.2019672131e+01
-5.2124590164e+01
-5.2052459016e+01
-5.2065573770e+01
-5.2052459016e+01
-5.2032786885e+01
-5.2072131148e+01
-5.2052459016e+01
-5.2019672131e+01
-5.2000000000e+01
-5.2039344262e+01
-5.2045901639e+01
-5.2111475410e+01
-5.2052459016e+01
-5.2013114754e+01
-5.2032786885e+01
-5.2065573770e+01
-5.2098360656e+01
-5.2072131148e+01
-5.2026229508e+01
-5.1993442623e+01
-5.2052459016e+01
-5.2078688525e+01
-5.2072131148e+01
-5.2013114754e+01
-5.2019672131e+01
-5.2045901639e+01
-5.2078688525e+01
-5.2124590164e+01
-5.2085245902e+01
-5.2065573770e+01
-5.2059016393e+01
-5.2144262295e+01
-5.2177049180e+01
-5.2157377049e+01
-5.2111475410e+01
-5.2091803279e+01
-5.2170491803e+01
-5.2183606557e+01
-5.2157377049e+01
-5.2190163934e+01
-5.2170491803e+01
-5.2183606557e+01
-5.2262295082e+01
-5.2216393443e+01
-5.2222950820e+01
-5.2209836066e+01
-5.2229508197e+01
-5.2288524590e+01
-5.2321311475e+01
-5.2295081967e+01
-5.2288524590e+01
-5.2255737705e+01
-5.2354098361e+01
-5.2354098361e+01
-5.2340983607e+01
-5.2334426230e+01
-5.2360655738e+01
-5.2373770492e+01
-5.2426229508e+01
-5.2373770492e+01
-5.2386885246e+01
-5.2406557377e+01
-5.2445901639e+01
-5.2524590164e+01
-5.2459016393e+01
-5.2465573770e+01
-5.2439344262e+01
-5.2478688525e+01
-5.2563934426e+01
-5.2550819672e+01
-5.2557377049e+01
-5.2511475410e+01
-5.2544262295e+01
-5.2616393443e+01
-5.2616393443e+01
-5.2583606557e+01
-5.2577049180e+01
-5.2616393443e+01
-5.2668852459e+01
-5.2655737705e+01
-5.2622950820e+01
-5.2642622951e+01
-5.2655737705e+01
-5.2662295082e+01
-5.2701639344e+01
-5.2668852459e+01
-5.2675409836e+01
-5.2662295082e+01
-5.2754098361e+01
-5.2780327869e+01
-5.2727868852e+01
-5.2701639344e+01
-5.2695081967e+01
-5.2734426230e+01
-5.2793442623e+01
-5.2754098361e+01
-5.2668852459e+01
-5.2701639344e+01
-5.2767213115e+01
-5.2767213115e+01
-5.2747540984e+01
-5.2734426230e+01
-5.2721311475e+01
-5.2734426230e+01
-5.2800000000e+01
-5.2767213115e+01
-5.2747540984e+01
-5.2714754098e+01
-5.2747540984e+01
-5.2813114754e+01
-5.2786885246e+01
-5.2760655738e+01
-5.2740983607e+01
-5.2668852459e+01
-5.2760655738e+01
-5.2786885246e+01
-5.2767213115e+01
-5.2727868852e+01
-5.2714754098e+01
-5.2740983607e+01
-5.2780327869e+01
-5.2727868852e+01
-5.2727868852e+01
-5.2721311475e+01
-5.2773770492e+01
-5.2819672131e+01
-5.2773770492e+01
-5.2740983607e+01
-5.2734426230e+01
-5.2754098361e+01
-5.2813114754e+01
-5.2754098361e+01
-5.2727868852e+01
-5.2695081967e+01
-5.2767213115e+01
-5.2839344262e+01
-5.2826229508e+01
-5.2767213115e+01
-5.2760655738e+01
-5.2727868852e+01
-5.2793442623e+01
-5.2767213115e+01
-5.2760655738e+01
-5.2740983607e+01
-5.2793442623e+01
-5.2767213115e+01
-5.2859016393e+01
-5.2813114754e+01
-5.2734426230e+01
-5.2813114754e+01
-5.2839344262e+01
-5.2878688525e+01
-5.2813114754e+01
-5.2813114754e+01
-5.2786885246e+01
-5.2845901639e+01
-5.2885245902e+01
-5.2852459016e+01
-5.2826229508e+01
-5.2806557377e+01
-5.2839344262e+01
-5.2937704918e+01
-5.2911475410e+01
-5.2891803279e+01
-5.2865573770e+01
-5.2852459016e+01
-5.2904918033e+01
-5.2931147541e+01
-5.2852459016e+01
-5.2885245902e+01
-5.2904918033e+01
-5.2977049180e+01
-5.2983606557e+01
-5.2904918033e+01
-5.2898360656e+01
-5.2918032787e+01
-5.2924590164e+01
-5.3003278689e+01
-5.2963934426e+01
-5.2931147541e+01
-5.2891803279e+01
-5.2944262295e+01
-5.3042622951e+01
-5.2937704918e+01
-5.2931147541e+01
-5.2898360656e+01
-5.2918032787e+01
-5.3049180328e+01
-5.2990163934e+01
-5.2977049180e+01
-5.2950819672e+01
-5.2983606557e+01
-5.3042622951e+01
-5.3009836066e+01
-5.3016393443e+01
-5.2944262295e+01
-5.2990163934e+01
-5.3029508197e+01
-5.3081967213e+01
-5.2983606557e+01
-5.2983606557e+01
-5.2977049180e+01
-5.3042622951e+01
-5.3042622951e+01
-5.3009836066e+01
-5.3009836066e+01
-5.3016393443e+01
-5.3042622951e+01
-5.3055737705e+01
-5.3016393443e+01
-5.3009836066e+01
-5.2983606557e+01
-5.2996721311e+01
-5.3114754098e+01
-5.3036065574e+01
-5.3009836066e+01
-5.2963934426e+01
-5.2990163934e+01
-5.3068852459e+01
-5.2996721311e+01
-5.2996721311e+01
-5.2970491803e+01
-5.2963934426e+01
-5.3062295082e+01
-5.3003278689e+01
-5.2996721311e+01
-5.2950819672e+01
-5.2950819672e+01
-5.2996721311e+01
-5.3022950820e+01
-5.2990163934e+01
-5.2977049180e+01
-5.2944262295e+01
-5.3075409836e+01
-5.3049180328e+01
-5.3003278689e+01
-5.2983606557e+01
-5.2937704918e+01
-5.3016393443e+01
-5.3055737705e+01
-5.3009836066e+01
-5.2944262295e+01
-5.2963934426e+01
-5.3022950820e+01
-5.3101639344e+01
-5.3075409836e+01
-5.3009836066e+01
-5.3029508197e+01
-5.3036065574e+01
-5.3114754098e+01
-5.3095081967e+01
-5.3088524590e+01
-5.3022950820e+01
-5.3022950820e+01
-5.3095081967e+01
-5.3173770492e+01
-5.3140983607e+01
-5.3088524590e+01
-5.3121311475e+01
-5.3160655738e+01
-5.3219672131e+01
-5.3154098361e+01
-5.3121311475e+01
-5.3154098361e+01
-5.3180327869e+01
-5.3259016393e+01
-5.3167213115e+01
-5.3186885246e+01
-5.3193442623e+01
-5.3219672131e+01
-5.3252459016e+01
-5.3265573770e+01
-5.3252459016e+01
-5.3232786885e+01
-5.3272131148e+01
-5.3377049180e+01
-5.3304918033e+01
-5.3265573770e+01
-5.3318032787e+01
-5.3311475410e+01
-5.3377049180e+01
-5.3422950820e+01
-5.3370491803e+01
-5.3318032787e+01
-5.3390163934e+01
-5.3462295082e+01
-5.3462295082e+01
-5.3403278689e+01
-5.3383606557e+01
-5.3422950820e+01
-5.3442622951e+01
-5.3455737705e+01
-5.3436065574e+01
-5.3462295082e+01
-5.3449180328e+01
-5.3475409836e+01
-5.3554098361e+01
-5.3527868852e+01
-5.3475409836e+01
-5.3462295082e+01
-5.3508196721e+01
-5.3586885246e+01
-5.3567213115e+01
-5.3547540984e+01
-5.3488524590e+01
-5.3495081967e+01
-5.3606557377e+01
-5.3573770492e+01
-5.3521311475e+01
-5.3540983607e+01
-5.3534426230e+01
-5.3560655738e+01
-5.3606557377e+01
-5.3540983607e+01
-5.3501639344e+01
-5.3495081967e+01
-5.3573770492e+01
-5.3600000000e+01
-5.3521311475e+01
-5.3514754098e+01
-5.3501639344e+01
-5.3540983607e+01
-5.3540983607e+01
-5.3488524590e+01
-5.3468852459e+01
-5.3449180328e+01
-5.3508196721e+01
-5.3534426230e+01
-5.3468852459e+01
-5.3449180328e+01
-5.3442622951e+01
-5.3501639344e+01
-5.3495081967e+01
-5.3442622951e+01
-5.3462295082e+01
-5.3377049180e+01
-5.3422950820e+01
-5.3501639344e+01
-5.3488524590e+01
-5.3403278689e+01
-5.3370491803e+01
-5.3370491803e+01
-5.3436065574e+01
-5.3416393443e+01
-5.3396721311e+01
-5.3403278689e+01
-5.3344262295e+01
-5.3370491803e+01
-5.3390163934e+01
-5.3344262295e+01
-5.3331147541e+01
-5.3318032787e+01
-5.3344262295e+01
-5.3383606557e+01
-5.3318032787e+01
-5.3278688525e+01
-5.3272131148e+01
-5.3298360656e+01
-5.3331147541e+01
-5.3285245902e+01
-5.3206557377e+01
-5.3259016393e+01
-5.3213114754e+01
-5.3285245902e+01
-5.3245901639e+01
-5.3140983607e+01
-5.3186885246e+01
-5.3219672131e+01
-5.3232786885e+01
-5.3213114754e+01
-5.3173770492e+01
-5.3081967213e+01
-5.3121311475e+01
-5.3173770492e+01
-5.3180327869e+01
-5.3108196721e+01
-5.3088524590e+01
-5.3140983607e+01
-5.3134426230e+01
-5.3167213115e+01
-5.3140983607e+01
-5.3029508197e+01
-5.3081967213e+01
-5.3075409836e+01
-5.3127868852e+01
-5.3075409836e+01
-5.3068852459e+01
-5.3062295082e+01
-5.3049180328e+01
-5.3134426230e+01
-5.3088524590e+01
-5.3042622951e+01
-5.3036065574e+01
-5.3062295082e+01
-5.3095081967e+01
-5.3081967213e+01
-5.3042622951e+01
-5.3003278689e+01
-5.3029508197e+01
-5.3088524590e+01
-5.3121311475e+01
-5.3036065574e+01
-5.2990163934e+01
-5.3009836066e+01
-5.3042622951e+01
-5.3088524590e+01
-5.3042622951e+01
-5.2983606557e+01
-5.2990163934e+01
-5.2983606557e+01
-5.3062295082e+01
-5.3029508197e+01
-5.2963934426e+01
-5.3003278689e+01
-5.3055737705e+01
-5.3055737705e+01
-5.3029508197e+01
-5.2983606557e+01
-5.2950819672e+01
-5.2957377049e+01
-5.3049180328e+01
-5.3049180328e+01
-5.3009836066e+01
-5.2977049180e+01
-5.2963934426e+01
-5.3042622951e+01
-5.3055737705e+01
-5.2977049180e+01
-5.2924590164e+01
-5.2957377049e+01
-5.2996721311e+01
-5.2996721311e+01
-5.2970491803e+01
-5.2957377049e+01
-5.2911475410e+01
-5.2898360656e+01
-5.2996721311e+01
-5.2970491803e+01
-5.2918032787e+01
-5.2898360656e+01
-5.2944262295e+01
-5.2970491803e+01
-5.3022950820e+01
-5.2918032787e+01
-5.2885245902e+01
-5.2944262295e+01
-5.2977049180e+01
-5.2970491803e+01
-5.2898360656e+01
-5.2859016393e+01
-5.2865573770e+01
-5.2944262295e+01
-5.2957377049e+01
-5.2872131148e+01
-5.2832786885e+01
-5.2819672131e+01
-5.2845901639e+01
-5.2918032787e+01
-5.2839344262e+01
-5.2767213115e+01
-5.2793442623e+01
