-4.3160655738e+01
-4.3160655738e+01
-4.3134426230e+01
-4.3121311475e+01
-4.3134426230e+01
-4.3134426230e+01
-4.3147540984e+01
-4.3140983607e+01
-4.3147540984e+01
-4.3147540984e+01
-4.3147540984e+01
-4.3154098361e+01
-4.3147540984e+01
-4.3147540984e+01
-4.3154098361e+01
-4.3154098361e+01
-4.3140983607e+01
-4.3134426230e+01
-4.3140983607e+01
-4.3140983607e+01
-4.3134426230e+01
-4.3147540984e+01
-4.3147540984e+01
-4.3147540984e+01
-4.3140983607e+01
-4.3147540984e+01
-4.3134426230e+01
-4.3134426230e+01
-4.3127868852e+01
-4.3147540984e+01
-4.3147540984e+01
-4.3127868852e+01
-4.3160655738e+01
-4.3154098361e+01
-4.3154098361e+01
-4.3154098361e+01
-4.3160655738e+01
-4.3173770492e+01
-4.3200000000e+01
-4.3200000000e+01
-4.3180327869e+01
-4.3200000000e+01
-4.3206557377e+01
-4.3219672131e+01
-4.3239344262e+01
-4.3226229508e+01
-4.3232786885e+01
-4.3252459016e+01
-4.3226229508e+01
-4.3226229508e+01
-4.3226229508e+01
-4.3226229508e+01
-4.3213114754e+01
-4.3226229508e+01
-4.3206557377e+01
-4.3206557377e+01
-4.3200000000e+01
-4.3193442623e+01
-4.3200000000e+01
-4.3186885246e+01
-4.3186885246e+01
-4.3147540984e+01
-4.3154098361e+01
-4.3167213115e+01
-4.3140983607e+01
-4.3167213115e+01
-4.3147540984e+01
-4.3147540984e+01
-4.3147540984e+01
-4.3147540984e+01
-4.3121311475e+01
-4.3147540984e+01
-4.3127868852e+01
-4.3147540984e+01
-4.3140983607e+01
-4.3154098361e+01
-4.3140983607e+01
-4.3147540984e+01
-4.3147540984e+01
-4.3147540984e+01
-4.3154098361e+01
-4.3154098361e+01
-4.3134426230e+01
-4.3154098361e+01
-4.3160655738e+01
-4.3167213115e+01
-4.3167213115e+01
-4.3147540984e+01
-4.3147540984e+01
-4.3147540984e+01
-4.3140983607e+01
-4.3154098361e+01
-4.3140983607e+01
-4.3127868852e+01
-4.3147540984e+01
-4.3127868852e+01
-4.3127868852e+01
-4.3127868852e+01
-4.3114754098e+01
-4.3167213115e+01
-4.3140983607e+01
-4.3127868852e+01
-4.3147540984e+01
-4.3127868852e+01
-4.3140983607e+01
-4.3140983607e+01
-4.3147540984e+01
-4.3173770492e+01
-4.3173770492e+01
-4.3167213115e+01
-4.3200000000e+01
-4.3200000000e+01
-4.3213114754e+01
-4.3219672131e+01
-4.3213114754e+01
-4.3232786885e+01
-4.3245901639e+01
-4.3232786885e+01
-4.3245901639e+01
-4.3239344262e+01
-4.3226229508e+01
-4.3252459016e+01
-4.3219672131e+01
-4.3219672131e+01
-4.3213114754e+01
-4.3213114754e+01
-4.3213114754e+01
-4.3213114754e+01
-4.3186885246e+01
-4.3200000000e+01
-4.3206557377e+01
-4.3167213115e+01
-4.3186885246e+01
-4.3180327869e+01
-4.3186885246e+01
-4.3167213115e+01
-4.3180327869e+01
-4.3173770492e+01
-4.3173770492e+01
-4.3173770492e+01
-4.3180327869e+01
-4.3160655738e+01
-4.3173770492e+01
-4.3173770492e+01
-4.3160655738e+01
-4.3154098361e+01
-4.3160655738e+01
-4.3180327869e+01
-4.3173770492e+01
-4.3180327869e+01
-4.3173770492e+01
-4.3173770492e+01
-4.3180327869e+01
-4.3173770492e+01
-4.3186885246e+01
-4.3186885246e+01
-4.3180327869e+01
-4.3167213115e+01
-4.3160655738e+01
-4.3193442623e+01
-4.3173770492e+01
-4.3180327869e+01
-4.3173770492e+01
-4.3180327869e+01
-4.3173770492e+01
-4.3180327869e+01
-4.3180327869e+01
-4.3173770492e+01
-4.3186885246e+01
-4.3180327869e+01
-4.3173770492e+01
-4.3160655738e+01
-4.3173770492e+01
-4.3193442623e+01
-4.3193442623e+01
-4.3193442623e+01
-4.3173770492e+01
-4.3186885246e+01
-4.3193442623e+01
-4.3193442623e+01
-4.3213114754e+01
-4.3226229508e+01
-4.3245901639e+01
-4.3252459016e+01
-4.3259016393e+01
-4.3285245902e+01
-4.3278688525e+01
-4.3291803279e+01
-4.3278688525e+01
-4.3291803279e+01
-4.3285245902e+01
-4.3278688525e+01
-4.3278688525e+01
-4.3265573770e+01
-4.3259016393e+01
-4.3259016393e+01
-4.3259016393e+01
-4.3272131148e+01
-4.3245901639e+01
-4.3232786885e+01
-4.3232786885e+01
-4.3245901639e+01
-4.3245901639e+01
-4.3219672131e+01
-4.3232786885e+01
-4.3219672131e+01
-4.3226229508e+01
-4.3226229508e+01
-4.3206557377e+01
-4.3226229508e+01
-4.3206557377e+01
-4.3219672131e+01
-4.3206557377e+01
-4.3213114754e+01
-4.3200000000e+01
-4.3206557377e+01
-4.3226229508e+01
-4.3239344262e+01
-4.3219672131e+01
-4.3226229508e+01
-4.3226229508e+01
-4.3219672131e+01
-4.3232786885e+01
-4.3232786885e+01
-4.3239344262e+01
-4.3232786885e+01
-4.3239344262e+01
-4.3226229508e+01
-4.3219672131e+01
-4.3219672131e+01
-4.3213114754e+01
-4.3219672131e+01
-4.3206557377e+01
-4.3213114754e+01
-4.3200000000e+01
-4.3219672131e+01
-4.3200000000e+01
-4.3219672131e+01
-4.3213114754e+01
-4.3206557377e+01
-4.3200000000e+01
-4.3213114754e+01
-4.3193442623e+01
-4.3219672131e+01
-4.3206557377e+01
-4.3200000000e+01
-4.3219672131e+01
-4.3219672131e+01
-4.3219672131e+01
-4.3226229508e+01
-4.3232786885e+01
-4.3239344262e+01
-4.3259016393e+01
-4.3278688525e+01
-4.3304918033e+01
-4.3311475410e+01
-4.3304918033e+01
-4.3311475410e+01
-4.3318032787e+01
-4.3331147541e+01
-4.3311475410e+01
-4.3324590164e+01
-4.3324590164e+01
-4.3304918033e+01
-4.3318032787e+01
-4.3285245902e+01
-4.3272131148e+01
-4.3278688525e+01
-4.3298360656e+01
-4.3285245902e+01
-4.3259016393e+01
-4.3278688525e+01
-4.3265573770e+01
-4.3265573770e+01
-4.3259016393e+01
-4.3245901639e+01
-4.3252459016e+01
-4.3265573770e+01
-4.3252459016e+01
-4.3252459016e+01
-4.3239344262e+01
-4.3245901639e+01
-4.3245901639e+01
-4.3252459016e+01
-4.3245901639e+01
-4.3252459016e+01
-4.3239344262e+01
-4.3232786885e+01
-4.3232786885e+01
-4.3252459016e+01
-4.3245901639e+01
-4.3259016393e+01
-4.3245901639e+01
-4.3265573770e+01
-4.3245901639e+01
-4.3252459016e+01
-4.3272131148e+01
-4.3272131148e+01
-4.3252459016e+01
-4.3252459016e+01
-4.3245901639e+01
-4.3259016393e+01
-4.3252459016e+01
-4.3239344262e+01
-4.3259016393e+01
-4.3252459016e+01
-4.3239344262e+01
-4.3245901639e+01
-4.3252459016e+01
-4.3252459016e+01
-4.3239344262e+01
-4.3259016393e+01
-4.3239344262e+01
-4.3265573770e+01
-4.3259016393e+01
-4.3252459016e+01
-4.3265573770e+01
-4.3265573770e+01
-4.3272131148e+01
-4.3272131148e+01
-4.3278688525e+01
-4.3298360656e+01
-4.3311475410e+01
-4.3324590164e+01
-4.3318032787e+01
-4.3318032787e+01
-4.3344262295e+01
-4.3357377049e+01
-4.3363934426e+01
-4.3363934426e+01
-4.3370491803e+01
-4.3377049180e+01
-4.3370491803e+01
-4.3370491803e+01
-4.3357377049e+01
-4.3344262295e+01
-4.3350819672e+01
-4.3350819672e+01
-4.3344262295e+01
-4.3337704918e+01
-4.3324590164e+01
-4.3318032787e+01
-4.3298360656e+01
-4.3304918033e+01
-4.3324590164e+01
-4.3331147541e+01
-4.3311475410e+01
-4.3304918033e+01
-4.3298360656e+01
-4.3318032787e+01
-4.3291803279e+01
-4.3304918033e+01
-4.3291803279e+01
-4.3304918033e+01
-4.3311475410e+01
-4.3298360656e+01
-4.3311475410e+01
-4.3285245902e+01
-4.3298360656e+01
-4.3304918033e+01
-4.3318032787e+01
-4.3311475410e+01
-4.3298360656e+01
-4.3331147541e+01
-4.3311475410e+01
-4.3311475410e+01
-4.3311475410e+01
-4.3318032787e+01
-4.3324590164e+01
-4.3311475410e+01
-4.3304918033e+01
-4.3324590164e+01
-4.3304918033e+01
-4.3304918033e+01
-4.3285245902e+01
-4.3285245902e+01
-4.3298360656e+01
-4.3291803279e+01
-4.3311475410e+01
-4.3298360656e+01
-4.3298360656e+01
-4.3318032787e+01
-4.3298360656e+01
-4.3304918033e+01
-4.3304918033e+01
-4.3291803279e+01
-4.3298360656e+01
-4.3311475410e+01
-4.3318032787e+01
-4.3318032787e+01
-4.3324590164e+01
-4.3311475410e+01
-4.3324590164e+01
-4.3344262295e+01
-4.3350819672e+01
-4.3370491803e+01
-4.3377049180e+01
-4.3396721311e+01
-4.3396721311e+01
-4.3409836066e+01
-4.3396721311e+01
-4.3396721311e+01
-4.3396721311e+01
-4.3396721311e+01
-4.3370491803e+01
-4.3403278689e+01
-4.3396721311e+01
-4.3377049180e+01
-4.3396721311e+01
-4.3409836066e+01
-4.3370491803e+01
-4.3357377049e+01
-4.3370491803e+01
-4.3383606557e+01
-4.3370491803e+01
-4.3377049180e+01
-4.3357377049e+01
-4.3344262295e+01
-4.3350819672e+01
-4.3363934426e+01
-4.3350819672e+01
-4.3331147541e+01
-4.3344262295e+01
-4.3350819672e+01
-4.3331147541e+01
-4.3324590164e+01
-4.3344262295e+01
-4.3331147541e+01
-4.3331147541e+01
-4.3344262295e+01
-4.3357377049e+01
-4.3344262295e+01
-4.3331147541e+01
-4.3350819672e+01
-4.3357377049e+01
-4.3337704918e+01
-4.3350819672e+01
-4.3344262295e+01
-4.3337704918e+01
-4.3337704918e+01
-4.3344262295e+01
-4.3331147541e+01
-4.3337704918e+01
-4.3331147541e+01
-4.3331147541e+01
-4.3344262295e+01
-4.3337704918e+01
-4.3331147541e+01
-4.3324590164e+01
-4.3318032787e+01
-4.3318032787e+01
-4.3331147541e+01
-4.3311475410e+01
-4.3337704918e+01
-4.3324590164e+01
-4.3357377049e+01
-4.3344262295e+01
-4.3331147541e+01
-4.3331147541e+01
-4.3344262295e+01
-4.3363934426e+01
-4.3357377049e+01
-4.3350819672e+01
-4.3383606557e+01
-4.3396721311e+01
-4.3422950820e+01
-4.3416393443e+01
-4.3403278689e+01
-4.3436065574e+01
-4.3442622951e+01
-4.3436065574e+01
-4.3442622951e+01
-4.3455737705e+01
-4.3442622951e+01
-4.3462295082e+01
-4.3462295082e+01
-4.3462295082e+01
-4.3436065574e+01
-4.3416393443e+01
-4.3436065574e+01
-4.3442622951e+01
-4.3422950820e+01
-4.3422950820e+01
-4.3409836066e+01
-4.3403278689e+01
-4.3396721311e+01
-4.3403278689e+01
-4.3396721311e+01
-4.3377049180e+01
-4.3390163934e+01
-4.3390163934e+01
-4.3377049180e+01
-4.3390163934e+01
-4.3396721311e+01
-4.3363934426e+01
-4.3363934426e+01
-4.3390163934e+01
-4.3403278689e+01
-4.3390163934e+01
-4.3396721311e+01
-4.3377049180e+01
-4.3403278689e+01
-4.3390163934e+01
-4.3383606557e+01
-4.3409836066e+01
-4.3396721311e+01
-4.3390163934e+01
-4.3409836066e+01
-4.3409836066e+01
-4.3416393443e+01
-4.3396721311e+01
-4.3396721311e+01
-4.3403278689e+01
-4.3403278689e+01
-4.3416393443e+01
-4.3396721311e+01
-4.3409836066e+01
-4.3416393443e+01
-4.3422950820e+01
-4.3409836066e+01
-4.3396721311e+01
-4.3403278689e+01
-4.3422950820e+01
-4.3416393443e+01
-4.3403278689e+01
-4.3383606557e+01
-4.3429508197e+01
-4.3429508197e+01
-4.3429508197e+01
-4.3396721311e+01
-4.3403278689e+01
-4.3436065574e+01
-4.3409836066e+01
-4.3416393443e+01
-4.3442622951e+01
-4.3449180328e+01
-4.3455737705e+01
-4.3495081967e+01
-4.3501639344e+01
-4.3521311475e+01
-4.3501639344e+01
-4.3495081967e+01
-4.3508196721e+01
-4.3514754098e+01
-4.3495081967e+01
-4.3508196721e+01
-4.3508196721e+01
-4.3514754098e+01
-4.3508196721e+01
-4.3508196721e+01
-4.3514754098e+01
-4.3501639344e+01
-4.3495081967e+01
-4.3508196721e+01
-4.3501639344e+01
-4.3495081967e+01
-4.3488524590e+01
-4.3501639344e+01
-4.3501639344e+01
-4.3475409836e+01
-4.3468852459e+01
-4.3475409836e+01
-4.3481967213e+01
-4.3468852459e+01
-4.3462295082e+01
-4.3468852459e+01
-4.3468852459e+01
-4.3455737705e+01
-4.3475409836e+01
-4.3442622951e+01
-4.3449180328e+01
-4.3462295082e+01
-4.3449180328e+01
-4.3481967213e+01
-4.3481967213e+01
-4.3488524590e+01
-4.3468852459e+01
-4.3481967213e+01
-4.3455737705e+01
-4.3481967213e+01
-4.3468852459e+01
-4.3468852459e+01
-4.3462295082e+01
-4.3455737705e+01
-4.3449180328e+01
-4.3442622951e+01
-4.3449180328e+01
-4.3449180328e+01
-4.3455737705e+01
-4.3449180328e+01
-4.3449180328e+01
-4.3449180328e+01
-4.3429508197e+01
-4.3442622951e+01
-4.3436065574e+01
-4.3455737705e+01
-4.3442622951e+01
-4.3468852459e+01
-4.3462295082e+01
-4.3475409836e+01
-4.3462295082e+01
