-4.3665573770e+01
-4.3691803279e+01
-4.3685245902e+01
-4.3698360656e+01
-4.3704918033e+01
-4.3711475410e+01
-4.3698360656e+01
-4.3718032787e+01
-4.3731147541e+01
-4.3737704918e+01
-4.3737704918e+01
-4.3737704918e+01
-4.3737704918e+01
-4.3744262295e+01
-4.3757377049e+01
-4.3744262295e+01
-4.3750819672e+01
-4.3744262295e+01
-4.3763934426e+01
-4.3744262295e+01
-4.3750819672e+01
-4.3763934426e+01
-4.3777049180e+01
-4.3744262295e+01
-4.3750819672e+01
-4.3757377049e+01
-4.3750819672e+01
-4.3744262295e+01
-4.3744262295e+01
-4.3744262295e+01
-4.3737704918e+01
-4.3757377049e+01
-4.3744262295e+01
-4.3750819672e+01
-4.3718032787e+01
-4.3737704918e+01
-4.3731147541e+01
-4.3744262295e+01
-4.3750819672e+01
-4.3744262295e+01
-4.3731147541e+01
-4.3744262295e+01
-4.3737704918e+01
-4.3724590164e+01
-4.3731147541e+01
-4.3763934426e+01
-4.3757377049e+01
-4.3724590164e+01
-4.3731147541e+01
-4.3731147541e+01
-4.3731147541e+01
-4.3724590164e+01
-4.3731147541e+01
-4.3724590164e+01
-4.3718032787e+01
-4.3704918033e+01
-4.3711475410e+01
-4.3711475410e+01
-4.3718032787e+01
-4.3718032787e+01
-4.3718032787e+01
-4.3691803279e+01
-4.3711475410e+01
-4.3718032787e+01
-4.3691803279e+01
-4.3704918033e+01
-4.3704918033e+01
-4.3724590164e+01
-4.3698360656e+01
-4.3718032787e+01
-4.3711475410e+01
-4.3704918033e+01
-4.3731147541e+01
-4.3724590164e+01
-4.3737704918e+01
-4.3711475410e+01
-4.3731147541e+01
-4.3744262295e+01
-4.3763934426e+01
-4.3763934426e+01
-4.3783606557e+01
-4.3783606557e+01
-4.3777049180e+01
-4.3770491803e+01
-4.3777049180e+01
-4.3796721311e+01
-4.3816393443e+01
-4.3829508197e+01
-4.3803278689e+01
-4.3829508197e+01
-4.3809836066e+01
-4.3809836066e+01
-4.3803278689e+01
-4.3803278689e+01
-4.3816393443e+01
-4.3783606557e+01
-4.3790163934e+01
-4.3777049180e+01
-4.3777049180e+01
-4.3790163934e+01
-4.3796721311e+01
-4.3750819672e+01
-4.3757377049e+01
-4.3750819672e+01
-4.3763934426e+01
-4.3757377049e+01
-4.3750819672e+01
-4.3757377049e+01
-4.3744262295e+01
-4.3750819672e+01
-4.3763934426e+01
-4.3763934426e+01
-4.3750819672e+01
-4.3744262295e+01
-4.3731147541e+01
-4.3737704918e+01
-4.3737704918e+01
-4.3744262295e+01
-4.3757377049e+01
-4.3744262295e+01
-4.3731147541e+01
-4.3744262295e+01
-4.3744262295e+01
-4.3718032787e+01
-4.3718032787e+01
-4.3750819672e+01
-4.3731147541e+01
-4.3757377049e+01
-4.3744262295e+01
-4.3750819672e+01
-4.3744262295e+01
-4.3757377049e+01
-4.3718032787e+01
-4.3750819672e+01
-4.3737704918e+01
-4.3770491803e+01
-4.3757377049e+01
-4.3763934426e+01
-4.3770491803e+01
-4.3770491803e+01
-4.3737704918e+01
-4.3763934426e+01
-4.3757377049e+01
-4.3750819672e+01
-4.3770491803e+01
-4.3744262295e+01
-4.3763934426e+01
-4.3770491803e+01
-4.3757377049e+01
-4.3796721311e+01
-4.3790163934e+01
-4.3790163934e+01
-4.3790163934e+01
-4.3783606557e+01
-4.3796721311e+01
-4.3796721311e+01
-4.3796721311e+01
-4.3816393443e+01
-4.3822950820e+01
-4.3809836066e+01
-4.3803278689e+01
-4.3829508197e+01
-4.3790163934e+01
-4.3790163934e+01
-4.3790163934e+01
-4.3809836066e+01
-4.3796721311e+01
-4.3809836066e+01
-4.3803278689e+01
-4.3796721311e+01
-4.3790163934e+01
-4.3796721311e+01
-4.3783606557e+01
-4.3790163934e+01
-4.3809836066e+01
-4.3796721311e+01
-4.3777049180e+01
-4.3790163934e+01
-4.3796721311e+01
-4.3796721311e+01
-4.3790163934e+01
-4.3803278689e+01
-4.3796721311e+01
-4.3822950820e+01
-4.3809836066e+01
-4.3822950820e+01
-4.3803278689e+01
-4.3809836066e+01
-4.3803278689e+01
-4.3829508197e+01
-4.3796721311e+01
-4.3829508197e+01
-4.3816393443e+01
-4.3809836066e+01
-4.3803278689e+01
-4.3816393443e+01
-4.3822950820e+01
-4.3809836066e+01
-4.3796721311e+01
-4.3790163934e+01
-4.3796721311e+01
-4.3809836066e+01
-4.3803278689e+01
-4.3783606557e+01
-4.3770491803e+01
-4.3796721311e+01
-4.3803278689e+01
-4.3783606557e+01
-4.3777049180e+01
-4.3783606557e+01
-4.3783606557e+01
-4.3803278689e+01
-4.3796721311e+01
-4.3809836066e+01
-4.3803278689e+01
-4.3790163934e+01
-4.3796721311e+01
-4.3829508197e+01
-4.3816393443e+01
-4.3836065574e+01
-4.3836065574e+01
-4.3849180328e+01
-4.3849180328e+01
-4.3862295082e+01
-4.3868852459e+01
-4.3881967213e+01
-4.3901639344e+01
-4.3914754098e+01
-4.3895081967e+01
-4.3895081967e+01
-4.3914754098e+01
-4.3927868852e+01
-4.3895081967e+01
-4.3908196721e+01
-4.3901639344e+01
-4.3914754098e+01
-4.3908196721e+01
-4.3921311475e+01
-4.3908196721e+01
-4.3875409836e+01
-4.3875409836e+01
-4.3895081967e+01
-4.3895081967e+01
-4.3895081967e+01
-4.3888524590e+01
-4.3875409836e+01
-4.3868852459e+01
-4.3875409836e+01
-4.3888524590e+01
-4.3875409836e+01
-4.3868852459e+01
-4.3862295082e+01
-4.3862295082e+01
-4.3862295082e+01
-4.3868852459e+01
-4.3868852459e+01
-4.3862295082e+01
-4.3875409836e+01
-4.3862295082e+01
-4.3862295082e+01
-4.3862295082e+01
-4.3836065574e+01
-4.3855737705e+01
-4.3849180328e+01
-4.3868852459e+01
-4.3829508197e+01
-4.3836065574e+01
-4.3842622951e+01
-4.3855737705e+01
-4.3842622951e+01
-4.3836065574e+01
-4.3849180328e+01
-4.3868852459e+01
-4.3849180328e+01
-4.3822950820e+01
-4.3829508197e+01
-4.3849180328e+01
-4.3836065574e+01
-4.3836065574e+01
-4.3868852459e+01
-4.3875409836e+01
-4.3862295082e+01
-4.3862295082e+01
-4.3881967213e+01
-4.3875409836e+01
-4.3881967213e+01
-4.3875409836e+01
-4.3895081967e+01
-4.3868852459e+01
-4.3901639344e+01
-4.3895081967e+01
-4.3895081967e+01
-4.3908196721e+01
-4.3927868852e+01
-4.3934426230e+01
-4.3927868852e+01
-4.3927868852e+01
-4.3934426230e+01
-4.3934426230e+01
-4.3927868852e+01
-4.3947540984e+01
-4.3940983607e+01
-4.3947540984e+01
-4.3934426230e+01
-4.3940983607e+01
-4.3940983607e+01
-4.3927868852e+01
-4.3940983607e+01
-4.3927868852e+01
-4.3921311475e+01
-4.3908196721e+01
-4.3895081967e+01
-4.3901639344e+01
-4.3895081967e+01
-4.3921311475e+01
-4.3908196721e+01
-4.3895081967e+01
-4.3908196721e+01
-4.3895081967e+01
-4.3901639344e+01
-4.3895081967e+01
-4.3908196721e+01
-4.3914754098e+01
-4.3901639344e+01
-4.3908196721e+01
-4.3927868852e+01
-4.3921311475e+01
-4.3914754098e+01
-4.3914754098e+01
-4.3927868852e+01
-4.3921311475e+01
-4.3914754098e+01
-4.3934426230e+01
-4.3940983607e+01
-4.3921311475e+01
-4.3934426230e+01
-4.3934426230e+01
-4.3921311475e+01
-4.3914754098e+01
-4.3921311475e+01
-4.3934426230e+01
-4.3914754098e+01
-4.3914754098e+01
-4.3908196721e+01
-4.3914754098e+01
-4.3927868852e+01
-4.3908196721e+01
-4.3927868852e+01
-4.3908196721e+01
-4.3908196721e+01
-4.3908196721e+01
-4.3914754098e+01
-4.3901639344e+01
-4.3921311475e+01
-4.3921311475e+01
-4.3934426230e+01
-4.3927868852e+01
-4.3908196721e+01
-4.3927868852e+01
-4.3927868852e+01
-4.3940983607e+01
-4.3947540984e+01
-4.3954098361e+01
-4.3967213115e+01
-4.3940983607e+01
-4.3967213115e+01
-4.3967213115e+01
-4.3993442623e+01
-4.4000000000e+01
-4.3993442623e+01
-4.4013114754e+01
-4.4006557377e+01
-4.4006557377e+01
-4.4013114754e+01
-4.4013114754e+01
-4.4026229508e+01
-4.4013114754e+01
-4.4006557377e+01
-4.4006557377e+01
-4.4032786885e+01
-4.4019672131e+01
-4.4019672131e+01
-4.4000000000e+01
-4.3993442623e+01
-4.4000000000e+01
-4.4013114754e+01
-4.4006557377e+01
-4.4006557377e+01
-4.3993442623e+01
-4.4013114754e+01
-4.4019672131e+01
-4.3993442623e+01
-4.4006557377e+01
-4.3986885246e+01
-4.4000000000e+01
-4.4000000000e+01
-4.3993442623e+01
-4.4013114754e+01
-4.4006557377e+01
-4.3993442623e+01
-4.3993442623e+01
-4.3993442623e+01
-4.3993442623e+01
-4.3993442623e+01
-4.3973770492e+01
-4.3986885246e+01
-4.3980327869e+01
-4.3993442623e+01
-4.3980327869e+01
-4.3980327869e+01
-4.3993442623e+01
-4.3967213115e+01
-4.3973770492e+01
-4.3973770492e+01
-4.3980327869e+01
-4.3973770492e+01
-4.3973770492e+01
-4.3967213115e+01
-4.3973770492e+01
-4.3980327869e+01
-4.3967213115e+01
-4.4000000000e+01
-4.3973770492e+01
-4.3986885246e+01
-4.3967213115e+01
-4.3973770492e+01
-4.3986885246e+01
-4.4019672131e+01
-4.3993442623e+01
-4.4000000000e+01
-4.4006557377e+01
-4.4013114754e+01
-4.4013114754e+01
-4.4039344262e+01
-4.4039344262e+01
-4.4032786885e+01
-4.4052459016e+01
-4.4059016393e+01
-4.4072131148e+01
-4.4052459016e+01
-4.4072131148e+01
-4.4078688525e+01
-4.4078688525e+01
-4.4091803279e+01
-4.4072131148e+01
-4.4078688525e+01
-4.4072131148e+01
-4.4085245902e+01
-4.4052459016e+01
-4.4039344262e+01
-4.4039344262e+01
-4.4039344262e+01
-4.4039344262e+01
-4.4019672131e+01
-4.4013114754e+01
-4.4032786885e+01
-4.4032786885e+01
-4.4013114754e+01
-4.4019672131e+01
-4.4000000000e+01
-4.4006557377e+01
-4.4006557377e+01
-4.4026229508e+01
-4.4013114754e+01
-4.4013114754e+01
-4.4032786885e+01
-4.4019672131e+01
-4.4013114754e+01
-4.4013114754e+01
-4.4000000000e+01
-4.4019672131e+01
-4.4006557377e+01
-4.4026229508e+01
-4.4026229508e+01
-4.4026229508e+01
-4.4026229508e+01
-4.4026229508e+01
-4.4039344262e+01
-4.4006557377e+01
-4.4019672131e+01
-4.4032786885e+01
-4.4039344262e+01
-4.4019672131e+01
-4.4019672131e+01
-4.4032786885e+01
-4.4013114754e+01
-4.4026229508e+01
-4.4026229508e+01
-4.4000000000e+01
-4.4032786885e+01
-4.4039344262e+01
-4.4026229508e+01
-4.4032786885e+01
-4.4019672131e+01
-4.4006557377e+01
-4.4013114754e+01
-4.4013114754e+01
-4.4013114754e+01
-4.4006557377e+01
-4.4045901639e+01
-4.4026229508e+01
-4.4039344262e+01
-4.4039344262e+01
-4.4026229508e+01
-4.4039344262e+01
-4.4045901639e+01
-4.4045901639e+01
-4.4072131148e+01
-4.4052459016e+01
-4.4052459016e+01
-4.4065573770e+01
-4.4085245902e+01
-4.4098360656e+01
-4.4104918033e+01
-4.4085245902e+01
-4.4072131148e+01
-4.4098360656e+01
-4.4091803279e+01
-4.4078688525e+01
-4.4072131148e+01
-4.4098360656e+01
-4.4111475410e+01
-4.4098360656e+01
-4.4098360656e+01
-4.4085245902e+01
-4.4078688525e+01
-4.4078688525e+01
-4.4098360656e+01
-4.4098360656e+01
-4.4078688525e+01
-4.4078688525e+01
-4.4091803279e+01
-4.4045901639e+01
-4.4072131148e+01
-4.4078688525e+01
-4.4078688525e+01
-4.4091803279e+01
-4.4072131148e+01
-4.4078688525e+01
-4.4091803279e+01
-4.4078688525e+01
-4.4072131148e+01
-4.4091803279e+01
-4.4098360656e+01
-4.4072131148e+01
-4.4091803279e+01
-4.4085245902e+01
-4.4078688525e+01
-4.4085245902e+01
-4.4085245902e+01
-4.4072131148e+01
-4.4065573770e+01
-4.4072131148e+01
-4.4072131148e+01
-4.4059016393e+01
-4.4059016393e+01
-4.4052459016e+01
-4.4052459016e+01
-4.4059016393e+01
-4.4039344262e+01
-4.4026229508e+01
-4.4052459016e+01
-4.4059016393e+01
-4.4065573770e+01
-4.4065573770e+01
-4.4059016393e+01
-4.4052459016e+01
-4.4072131148e+01
-4.4072131148e+01
-4.4078688525e+01
-4.4072131148e+01
-4.4098360656e+01
-4.4104918033e+01
-4.4118032787e+01
-4.4091803279e+01
-4.4118032787e+01
-4.4111475410e+01
-4.4137704918e+01
-4.4144262295e+01
-4.4137704918e+01
-4.4150819672e+01
-4.4144262295e+01
-4.4177049180e+01
-4.4144262295e+01
-4.4144262295e+01
-4.4137704918e+01
-4.4150819672e+01
-4.4150819672e+01
-4.4163934426e+01
-4.4144262295e+01
-4.4131147541e+01
-4.4144262295e+01
-4.4104918033e+01
-4.4091803279e+01
-4.4098360656e+01
-4.4111475410e+01
-4.4091803279e+01
-4.4091803279e+01
-4.4098360656e+01
-4.4104918033e+01
-4.4072131148e+01
