-2.7639344262e+01
-2.7639344262e+01
-2.7639344262e+01
-2.7639344262e+01
-2.7639344262e+01
-2.7652459016e+01
-2.7652459016e+01
-2.7639344262e+01
-2.7639344262e+01
-2.7645901639e+01
-2.7632786885e+01
-2.7659016393e+01
-2.7632786885e+01
-2.7659016393e+01
-2.7639344262e+01
-2.7659016393e+01
-2.7645901639e+01
-2.7659016393e+01
-2.7639344262e+01
-2.7665573770e+01
-2.7639344262e+01
-2.7672131148e+01
-2.7659016393e+01
-2.7678688525e+01
-2.7665573770e+01
-2.7698360656e+01
-2.7698360656e+01
-2.7711475410e+01
-2.7698360656e+01
-2.7698360656e+01
-2.7698360656e+01
-2.7718032787e+01
-2.7731147541e+01
-2.7731147541e+01
-2.7737704918e+01
-2.7744262295e+01
-2.7737704918e+01
-2.7750819672e+01
-2.7744262295e+01
-2.7750819672e+01
-2.7763934426e+01
-2.7783606557e+01
-2.7770491803e+01
-2.7783606557e+01
-2.7803278689e+01
-2.7796721311e+01
-2.7803278689e+01
-2.7803278689e+01
-2.7816393443e+01
-2.7816393443e+01
-2.7822950820e+01
-2.7836065574e+01
-2.7836065574e+01
-2.7836065574e+01
-2.7836065574e+01
-2.7842622951e+01
-2.7855737705e+01
-2.7836065574e+01
-2.7842622951e+01
-2.7849180328e+01
-2.7849180328e+01
-2.7836065574e+01
-2.7836065574e+01
-2.7836065574e+01
-2.7816393443e+01
-2.7803278689e+01
-2.7803278689e+01
-2.7796721311e+01
-2.7783606557e+01
-2.7783606557e+01
-2.7757377049e+01
-2.7783606557e+01
-2.7757377049e+01
-2.7757377049e+01
-2.7750819672e+01
-2.7750819672e+01
-2.7744262295e+01
-2.7737704918e+01
-2.7737704918e+01
-2.7737704918e+01
-2.7744262295e+01
-2.7737704918e+01
-2.7744262295e+01
-2.7737704918e+01
-2.7757377049e+01
-2.7757377049e+01
-2.7757377049e+01
-2.7770491803e+01
-2.7744262295e+01
-2.7770491803e+01
-2.7757377049e+01
-2.7770491803e+01
-2.7757377049e+01
-2.7783606557e+01
-2.7770491803e+01
-2.7790163934e+01
-2.7757377049e+01
-2.7790163934e+01
-2.7790163934e+01
-2.7790163934e+01
-2.7790163934e+01
-2.7803278689e+01
-2.7803278689e+01
-2.7803278689e+01
-2.7816393443e+01
-2.7829508197e+01
-2.7816393443e+01
-2.7849180328e+01
-2.7855737705e+01
-2.7868852459e+01
-2.7855737705e+01
-2.7868852459e+01
-2.7881967213e+01
-2.7901639344e+01
-2.7901639344e+01
-2.7901639344e+01
-2.7914754098e+01
-2.7921311475e+01
-2.7921311475e+01
-2.7940983607e+01
-2.7967213115e+01
-2.7980327869e+01
-2.7986885246e+01
-2.8000000000e+01
-2.8000000000e+01
-2.8006557377e+01
-2.8000000000e+01
-2.8000000000e+01
-2.8000000000e+01
-2.8000000000e+01
-2.8000000000e+01
-2.7986885246e+01
-2.7967213115e+01
-2.7954098361e+01
-2.7954098361e+01
-2.7954098361e+01
-2.7934426230e+01
-2.7921311475e+01
-2.7921311475e+01
-2.7921311475e+01
-2.7901639344e+01
-2.7908196721e+01
-2.7888524590e+01
-2.7908196721e+01
-2.7908196721e+01
-2.7895081967e+01
-2.7895081967e+01
-2.7908196721e+01
-2.7908196721e+01
-2.7927868852e+01
-2.7914754098e+01
-2.7927868852e+01
-2.7947540984e+01
-2.7947540984e+01
-2.7947540984e+01
-2.7947540984e+01
-2.7980327869e+01
-2.7980327869e+01
-2.7986885246e+01
-2.7986885246e+01
-2.8000000000e+01
-2.8013114754e+01
-2.8026229508e+01
-2.8039344262e+01
-2.8059016393e+01
-2.8078688525e+01
-2.8098360656e+01
-2.8144262295e+01
-2.8177049180e+01
-2.8262295082e+01
-2.8308196721e+01
-2.8406557377e+01
-2.8524590164e+01
-2.8649180328e+01
-2.8740983607e+01
-2.8898360656e+01
-2.8970491803e+01
-2.9049180328e+01
-2.9081967213e+01
-2.9081967213e+01
-2.9068852459e+01
-2.9049180328e+01
-2.9022950820e+01
-2.9022950820e+01
-2.8990163934e+01
-2.8944262295e+01
-2.8924590164e+01
-2.8832786885e+01
-2.8734426230e+01
-2.8603278689e+01
-2.8478688525e+01
-2.8308196721e+01
-2.8203278689e+01
-2.8150819672e+01
-2.8098360656e+01
-2.8085245902e+01
-2.8065573770e+01
-2.8065573770e+01
-2.8052459016e+01
-2.8045901639e+01
-2.8032786885e+01
-2.8032786885e+01
-2.8006557377e+01
-2.8026229508e+01
-2.8013114754e+01
-2.8013114754e+01
-2.7993442623e+01
-2.7980327869e+01
-2.7967213115e+01
-2.7960655738e+01
-2.7947540984e+01
-2.7947540984e+01
-2.7914754098e+01
-2.7927868852e+01
-2.7914754098e+01
-2.7921311475e+01
-2.7921311475e+01
-2.7921311475e+01
-2.7934426230e+01
-2.7921311475e+01
-2.7921311475e+01
-2.7921311475e+01
-2.7921311475e+01
-2.7921311475e+01
-2.7921311475e+01
-2.7908196721e+01
-2.7908196721e+01
-2.7921311475e+01
-2.7921311475e+01
-2.7921311475e+01
-2.7927868852e+01
-2.7921311475e+01
-2.7914754098e+01
-2.7921311475e+01
-2.7921311475e+01
-2.7921311475e+01
-2.7927868852e+01
-2.7927868852e+01
-2.7927868852e+01
-2.7960655738e+01
-2.7960655738e+01
-2.7960655738e+01
-2.7960655738e+01
-2.7993442623e+01
-2.7993442623e+01
-2.7993442623e+01
-2.7986885246e+01
-2.7993442623e+01
-2.7993442623e+01
-2.8006557377e+01
-2.8006557377e+01
-2.8013114754e+01
-2.8026229508e+01
-2.8013114754e+01
-2.8026229508e+01
-2.8039344262e+01
-2.8052459016e+01
-2.8065573770e+01
-2.8065573770e+01
-2.8065573770e+01
-2.8065573770e+01
-2.8072131148e+01
-2.8078688525e+01
-2.8091803279e+01
-2.8098360656e+01
-2.8111475410e+01
-2.8111475410e+01
-2.8111475410e+01
-2.8118032787e+01
-2.8137704918e+01
-2.8111475410e+01
-2.8118032787e+01
-2.8118032787e+01
-2.8131147541e+01
-2.8111475410e+01
-2.8098360656e+01
-2.8072131148e+01
-2.8072131148e+01
-2.8065573770e+01
-2.8039344262e+01
-2.8039344262e+01
-2.8039344262e+01
-2.8026229508e+01
-2.8026229508e+01
-2.8032786885e+01
-2.8032786885e+01
-2.8032786885e+01
-2.8039344262e+01
-2.8039344262e+01
-2.8052459016e+01
-2.8045901639e+01
-2.8059016393e+01
-2.8065573770e+01
-2.8085245902e+01
-2.8104918033e+01
-2.8111475410e+01
-2.8118032787e+01
-2.8144262295e+01
-2.8150819672e+01
-2.8170491803e+01
-2.8203278689e+01
-2.8249180328e+01
-2.8281967213e+01
-2.8340983607e+01
-2.8419672131e+01
-2.8518032787e+01
-2.8616393443e+01
-2.8721311475e+01
-2.8800000000e+01
-2.8865573770e+01
-2.8944262295e+01
-2.9029508197e+01
-2.9068852459e+01
-2.9081967213e+01
-2.9101639344e+01
-2.9095081967e+01
-2.9095081967e+01
-2.9036065574e+01
-2.8970491803e+01
-2.8918032787e+01
-2.8839344262e+01
-2.8740983607e+01
-2.8649180328e+01
-2.8557377049e+01
-2.8465573770e+01
-2.8380327869e+01
-2.8314754098e+01
-2.8242622951e+01
-2.8183606557e+01
-2.8157377049e+01
-2.8131147541e+01
-2.8118032787e+01
-2.8098360656e+01
-2.8098360656e+01
-2.8085245902e+01
-2.8091803279e+01
-2.8085245902e+01
-2.8104918033e+01
-2.8104918033e+01
-2.8104918033e+01
-2.8091803279e+01
-2.8091803279e+01
-2.8072131148e+01
-2.8072131148e+01
-2.8072131148e+01
-2.8072131148e+01
-2.8026229508e+01
-2.8039344262e+01
-2.8026229508e+01
-2.8006557377e+01
-2.8000000000e+01
-2.7993442623e+01
-2.7986885246e+01
-2.7986885246e+01
-2.7986885246e+01
-2.7973770492e+01
-2.7973770492e+01
-2.7973770492e+01
-2.7973770492e+01
-2.7960655738e+01
-2.7960655738e+01
-2.7960655738e+01
-2.7960655738e+01
-2.7960655738e+01
-2.7960655738e+01
-2.7960655738e+01
-2.7960655738e+01
-2.7960655738e+01
-2.7947540984e+01
-2.7960655738e+01
-2.7960655738e+01
-2.7960655738e+01
-2.7960655738e+01
-2.7960655738e+01
-2.7960655738e+01
-2.7960655738e+01
-2.7960655738e+01
-2.7960655738e+01
-2.7960655738e+01
-2.7960655738e+01
-2.7960655738e+01
-2.7960655738e+01
-2.7960655738e+01
-2.7973770492e+01
-2.7967213115e+01
-2.7993442623e+01
-2.7960655738e+01
-2.7980327869e+01
-2.7986885246e+01
-2.8000000000e+01
-2.8013114754e+01
-2.8013114754e+01
-2.8013114754e+01
-2.8013114754e+01
-2.8013114754e+01
-2.8026229508e+01
-2.8032786885e+01
-2.8039344262e+01
-2.8032786885e+01
-2.8059016393e+01
-2.8045901639e+01
-2.8072131148e+01
-2.8059016393e+01
-2.8078688525e+01
-2.8065573770e+01
-2.8091803279e+01
-2.8091803279e+01
-2.8111475410e+01
-2.8091803279e+01
-2.8098360656e+01
-2.8104918033e+01
-2.8104918033e+01
-2.8091803279e+01
-2.8104918033e+01
-2.8104918033e+01
-2.8091803279e+01
-2.8085245902e+01
-2.8085245902e+01
-2.8078688525e+01
-2.8052459016e+01
-2.8039344262e+01
-2.8039344262e+01
-2.8032786885e+01
-2.8019672131e+01
-2.8019672131e+01
-2.8026229508e+01
-2.8019672131e+01
-2.8006557377e+01
-2.8006557377e+01
-2.7993442623e+01
-2.7993442623e+01
-2.7993442623e+01
-2.7993442623e+01
-2.7993442623e+01
-2.7993442623e+01
-2.7993442623e+01
-2.8000000000e+01
-2.8006557377e+01
-2.8006557377e+01
-2.7993442623e+01
-2.7993442623e+01
-2.7993442623e+01
-2.8006557377e+01
-2.7993442623e+01
-2.7993442623e+01
-2.8006557377e+01
-2.8000000000e+01
-2.8006557377e+01
-2.8000000000e+01
-2.8000000000e+01
-2.8019672131e+01
-2.8013114754e+01
-2.8013114754e+01
-2.8039344262e+01
-2.8052459016e+01
-2.8072131148e+01
-2.8072131148e+01
-2.8091803279e+01
-2.8091803279e+01
-2.8111475410e+01
-2.8104918033e+01
-2.8098360656e+01
-2.8085245902e+01
-2.8098360656e+01
-2.8078688525e+01
-2.8085245902e+01
-2.8078688525e+01
-2.8085245902e+01
-2.8098360656e+01
-2.8118032787e+01
-2.8137704918e+01
-2.8137704918e+01
-2.8137704918e+01
-2.8150819672e+01
-2.8157377049e+01
-2.8170491803e+01
-2.8170491803e+01
-2.8183606557e+01
-2.8170491803e+01
-2.8183606557e+01
-2.8183606557e+01
-2.8183606557e+01
-2.8177049180e+01
-2.8170491803e+01
-2.8170491803e+01
-2.8157377049e+01
-2.8157377049e+01
-2.8157377049e+01
-2.8131147541e+01
-2.8144262295e+01
-2.8118032787e+01
-2.8111475410e+01
-2.8098360656e+01
-2.8098360656e+01
-2.8085245902e+01
-2.8078688525e+01
-2.8078688525e+01
-2.8059016393e+01
-2.8078688525e+01
-2.8059016393e+01
-2.8045901639e+01
-2.8045901639e+01
-2.8045901639e+01
-2.8052459016e+01
-2.8052459016e+01
-2.8052459016e+01
-2.8032786885e+01
-2.8052459016e+01
-2.8026229508e+01
-2.8045901639e+01
-2.8045901639e+01
-2.8052459016e+01
-2.8032786885e+01
-2.8032786885e+01
-2.8032786885e+01
-2.8039344262e+01
-2.8039344262e+01
-2.8039344262e+01
-2.8039344262e+01
-2.8039344262e+01
-2.8052459016e+01
-2.8052459016e+01
-2.8045901639e+01
-2.8045901639e+01
-2.8045901639e+01
-2.8065573770e+01
-2.8059016393e+01
-2.8052459016e+01
-2.8059016393e+01
-2.8065573770e+01
-2.8065573770e+01
-2.8065573770e+01
-2.8085245902e+01
-2.8085245902e+01
-2.8085245902e+01
-2.8091803279e+01
-2.8104918033e+01
-2.8118032787e+01
-2.8111475410e+01
-2.8137704918e+01
-2.8137704918e+01
-2.8137704918e+01
-2.8150819672e+01
-2.8131147541e+01
-2.8137704918e+01
-2.8150819672e+01
-2.8150819672e+01
-2.8150819672e+01
-2.8150819672e+01
-2.8163934426e+01
-2.8163934426e+01
-2.8177049180e+01
-2.8177049180e+01
-2.8196721311e+01
-2.8196721311e+01
-2.8209836066e+01
-2.8183606557e+01
-2.8196721311e+01
-2.8177049180e+01
-2.8170491803e+01
-2.8144262295e+01
-2.8124590164e+01
-2.8098360656e+01
-2.8091803279e+01
-2.8078688525e+01
-2.8065573770e+01
-2.8065573770e+01
-2.8059016393e+01
-2.8065573770e+01
-2.8039344262e+01
-2.8052459016e+01
-2.8052459016e+01
-2.8052459016e+01
-2.8052459016e+01
-2.8032786885e+01
-2.8032786885e+01
-2.8032786885e+01
-2.8045901639e+01
-2.8045901639e+01
-2.8032786885e+01
-2.8026229508e+01
-2.8026229508e+01
-2.8032786885e+01
-2.8019672131e+01
-2.8019672131e+01
-2.8026229508e+01
-2.8026229508e+01
-2.8019672131e+01
-2.8013114754e+01
-2.8019672131e+01
-2.8013114754e+01
-2.8026229508e+01
-2.8032786885e+01
-2.8019672131e+01
-2.8019672131e+01
-2.8032786885e+01
-2.8045901639e+01
-2.8045901639e+01
-2.8045901639e+01
-2.8072131148e+01
-2.8059016393e+01
